arjunmurmu.com,arjunmurmu@gmail.com,H8(oJ8jhv7R!a1
surajpattankyak.com,suraj@gmail.com,12345
jitmohon hemberam,jitmohanhembram@gmail.com,1Os0a3$Y2Wc&AaMo
arjunmurmu.com,example@gmail.com,roG)4W3(
surajpattankyak.com,example@gmail.com,W(gnr%i7(4KISb
surajpattankyak.com,example@gmail.com,W(gnr%i7(4KISb
surajpattankyak.com,example@gmail.com,W(gnr%i7(4KISb
surajpattankyak.com,example@gmail.com,W(gnr%i7(4KISb
arjunmurmu.com,example@gmail.com,PXLxw6XrxGk&
arjunmurmu.com,murmuarjun88@gmil.com,12387
